ResponseId	Moral_DIL	Age_correct	Attention_check	CCA	Duration	Heure_TOT	AOT_TOT	Narc_TOT	Mach_TOT	Psych_TOT	CRT_TOT	Num_TOT	Outcome	Study	Duration.min	Moral_SCA	Moral_CAR	SleepEfficiency.criteria
1_S1	50	1	1	1	228	10.9666666666667	32	25	9	13	0	1	Dilemmas	1	200			
2_S1	82.01	1	1	1	264	12	37	16	23	11	6	3	Dilemmas	1	200			
3_S1	73.22	1	1	1	292	11.9833333333333	39	20	33	21	7	3	Dilemmas	1	200			
4_S1	86.99	1	1	1	348	9.01666666666667	34	18	26	23	7	3	Dilemmas	1	200			
5_S1	103.32	1	1	1	293	9	25	32	37	31	1	0	Dilemmas	1	200			
6_S1	68.39	1	1	1	132	12.0166666666667	26	10	22	13	1	0	Dilemmas	1	200			
7_S1	52.21	1	1	1	133	11	22	31	30	23	6	1	Dilemmas	1	200			
8_S1	35.5	1	1	1	234	12.0166666666667	25	24	32	21	5	3	Dilemmas	1	200			
9_S1	51.87	1	1	1	395	9.01666666666667	32	24	37	25	5	2	Dilemmas	1	200			
10_S1	95.26	1	1	1	343	9.03333333333333	36	25	38	21	0	2	Dilemmas	1	200			
11_S1	62.73	1	1	1	532	12.05	35	26	30	22	7	3	Dilemmas	1	200			
12_S1	4.88	1	1	1	231	12.05	35	16	17	15	7	2	Dilemmas	1	200			
13_S1	2.01	1	1	1	339	12.0666666666667	35	22	26	17	7	2	Dilemmas	1	200			
14_S1	10.02	1	1	1	658	12.0833333333333	29	30	34	22	1	2	Dilemmas	1	200			
15_S1	50.47	1	1	1	640	9.06666666666667	39	20	22	16	7	3	Dilemmas	1	200			
16_S1	6.85	1	1	1	266	11	33	28	24	12	7	3	Dilemmas	1	200			
17_S1	42.85	1	1	1	447	9	26	25	26	20	2	2	Dilemmas	1	200			
19_S1	68.6	1	1	1	652	9	22	27	28	27	2	1	Dilemmas	1	200			
20_S1	80	1	1	1	246	9.11666666666667	33	27	34	22	7	2	Dilemmas	1	200			
21_S1	48.1	1	1	1	396	12.1166666666667	35	14	15	11	7	3	Dilemmas	1	200			
23_S1	30	1	1	1	443	12.1333333333333	38	9	9	13	7	3	Dilemmas	1	200			
24_S1	0	1	1	1	747	11.1333333333333	22	13	25	16	7	3	Dilemmas	1	200			
25_S1	94.4	1	1	1	382	11	24	31	30	29	1	0	Dilemmas	1	200			
26_S1	12.69	1	1	1	688	10.1666666666667	27	19	19	20	7	3	Dilemmas	1	200			
27_S1	70.27	1	1	1	301	12.1666666666667	26	11	25	23	3	3	Dilemmas	1	200			
28_S1	42.02	1	1	1	398	12	35	18	23	18	3	3	Dilemmas	1	200			
29_S1	84.62	1	1	1	1019	11.2333333333333	29	22	30	24	1	1	Dilemmas	1	200			
30_S1	24.67	1	1	1	416	11.1833333333333	27	25	31	22	4	2	Dilemmas	1	200			
31_S1	82.36	1	1	1	354	12.2	29	31	29	21	5	2	Dilemmas	1	200			
32_S1	66.92	1	1	1	1096	11.2	35	18	19	18	7	2	Dilemmas	1	200			
33_S1	110	1	1	1	627	12.25	34	28	24	18	7	3	Dilemmas	1	200			
34_S1	17.29	1	1	1	468	12.2166666666667	35	17	22	18	7	2	Dilemmas	1	200			
35_S1	40.41	1	1	1	339	11.2333333333333	34	18	29	18	6	2	Dilemmas	1	200			
36_S1	32.84	1	1	1	1163	12	32	34	18	11	2	3	Dilemmas	1	200			
37_S1	33.92	1	1	1	295	12	19	35	23	22	0	1	Dilemmas	1	200			
38_S1	55.96	1	1	1	583	12.2333333333333	29	9	18	10	6	3	Dilemmas	1	200			
39_S1	28.19	1	1	1	429	11.2333333333333	37	24	31	24	5	3	Dilemmas	1	200			
40_S1	14.96	1	1	1	1101	11.2666666666667	28	15	24	13	5	2	Dilemmas	1	200			
41_S1	70.24	1	1	1	520	12.2833333333333	37	16	22	16	6	2	Dilemmas	1	200			
42_S1	68.54	1	1	1	1270	12	27	26	33	32	3	2	Dilemmas	1	200			
43_S1	71.45	1	1	1	1351	12.25	28	23	23	11	1	2	Dilemmas	1	200			
44_S1	86.57	1	1	1	454	11	28	28	31	17	4	1	Dilemmas	1	200			
45_S1	40.08	1	1	1	878	10.3	31	15	24	15	3	3	Dilemmas	1	200			
46_S1	3.08	1	1	1	827	11.3333333333333	31	26	24	14	3	1	Dilemmas	1	200			
47_S1	13.99	1	1	1	487	12.3333333333333	29	39	29	26	6	2	Dilemmas	1	200			
48_S1	59.52	1	1	1	463	12.3833333333333	37	9	16	16	7	2	Dilemmas	1	200			
49_S1	26.58	1	1	1	966	12.3833333333333	23	22	17	13	3	1	Dilemmas	1	200			
50_S1	1.71	1	1	1	836	11.4	33	22	25	18	6	3	Dilemmas	1	200			
51_S1	108.2	1	1	1	1780	9.4	25	31	41	32	0	1	Dilemmas	1	200			
52_S1	15.16	1	1	1	607	12.4333333333333	28	24	22	19	6	2	Dilemmas	1	200			
53_S1	21.66	1	1	1	457	12.45	36	16	32	13	6	3	Dilemmas	1	200			
54_S1	35.82	1	1	1	417	10.45	28	22	26	16	5	3	Dilemmas	1	200			
55_S1	0	1	1	1	636	12.5	36	29	27	13	7	3	Dilemmas	1	200			
56_S1	71.98	1	1	1	507	12.05	39	9	30	10	7	3	Dilemmas	1	200			
57_S1	0	1	1	1	351	11	26	28	29	27	6	3	Dilemmas	1	200			
58_S1	61.65	1	1	1	1102	12.5166666666667	37	29	23	28	6	3	Dilemmas	1	200			
59_S1	77.98	1	1	1	703	12.5166666666667	32	21	26	12	4	0	Dilemmas	1	200			
60_S1	53.93	1	1	1	397	12.5333333333333	34	21	33	27	5	2	Dilemmas	1	200			
61_S1	32.35	1	1	1	709	12.5666666666667	31	18	33	27	6	3	Dilemmas	1	200			
62_S1	0	1	1	1	1151	12.5833333333333	40	17	24	13	6	2	Dilemmas	1	200			
63_S1	82.7	1	1	1	949	12.6166666666667	22	26	23	20	6	3	Dilemmas	1	200			
64_S1	64.26	1	1	1	438	12.6666666666667	35	20	31	19	6	2	Dilemmas	1	200			
65_S1	52.06	1	1	1	447	12.6666666666667	31	23	23	11	6	3	Dilemmas	1	200			
66_S1	85.79	1	1	1	1579	12.6666666666667	17	26	38	27	7	2	Dilemmas	1	200			
67_S1	57.24	1	1	1	811	11.7	28	10	30	19	6	3	Dilemmas	1	200			
68_S1	8.69	1	1	1	386	11.7333333333333	37	34	24	14	2	2	Dilemmas	1	200			
69_S1	78.42	1	1	1	2688	12.7333333333333	22	30	33	26	5	0	Dilemmas	1	200			
70_S1	58.09	1	1	1	628	12.7333333333333	25	21	33	23	5	2	Dilemmas	1	200			
71_S1	53.28	1	1	1	689	12.7333333333333	33	21	23	15	3	2	Dilemmas	1	200			
72_S1	110	1	1	1	599	12.7333333333333	30	41	37	18	5	3	Dilemmas	1	200			
73_S1	69.74	1	1	1	659	12.7666666666667	29	23	12	18	3	0	Dilemmas	1	200			
74_S1	77.67	1	1	1	496	9.76666666666667	31	19	20	15	5	2	Dilemmas	1	200			
75_S1	110	1	1	1	462	11.8	25	27	28	20	6	2	Dilemmas	1	200			
76_S1	65.25	1	1	1	602	12.75	36	19	32	20	6	3	Dilemmas	1	200			
77_S1	15	1	1	1	831	11.8	24	33	34	31	1	2	Dilemmas	1	200			
78_S1	14.26	1	1	1	483	9.8	22	27	28	30	2	1	Dilemmas	1	200			
79_S1	70.57	1	1	1	1427	12.8333333333333	24	27	31	25	4	1	Dilemmas	1	200			
80_S1	74.94	1	1	1	447	10	29	33	29	24	1	2	Dilemmas	1	200			
81_S1	40	1	1	1	882	12.9666666666667	24	29	28	18	3	1	Dilemmas	1	200			
82_S1	60	1	1	1	392	13	40	21	43	22	4	2	Dilemmas	1	200			
83_S1	36.63	1	1	1	452	10	32	18	21	22	6	2	Dilemmas	1	200			
84_S1	64.75	1	1	1	485	10.0333333333333	32	29	30	13	6	3	Dilemmas	1	200			
85_S1	12.69	1	1	1	534	13.0666666666667	35	17	19	19	1	3	Dilemmas	1	200			
87_S1	33.73	1	1	1	695	12.0666666666667	27	22	27	26	6	3	Dilemmas	1	200			
88_S1	51.47	1	1	1	426	10.0833333333333	25	35	31	39	4	1	Dilemmas	1	200			
89_S1	36.07	1	1	1	1023	13.1166666666667	23	21	19	11	0	1	Dilemmas	1	200			
90_S1	62.02	1	1	1	285	13	25	24	22	25	7	3	Dilemmas	1	200			
91_S1	68.18	1	1	1	1011	12.1666666666667	35	18	26	12	7	3	Dilemmas	1	200			
92_S1	25.08	1	1	1	972	12.1666666666667	32	21	19	10	7	3	Dilemmas	1	200			
93_S1	80.42	1	1	1	312	13	38	11	30	15	7	3	Dilemmas	1	200			
94_S1	16.95	1	1	1	495	13.2666666666667	35	22	31	20	5	2	Dilemmas	1	200			
95_S1	62.84	1	1	1	740	13.3	35	36	25	18	5	2	Dilemmas	1	200			
96_S1	18.38	1	1	1	1657	10	31	22	33	16	2	3	Dilemmas	1	200			
97_S1	27.78	1	1	1	1540	13.5	38	12	11	13	7	3	Dilemmas	1	200			
98_S1	73.56	1	1	1	400	13	24	29	37	31	1	0	Dilemmas	1	200			
99_S1	11.17	1	1	1	368	11.5	30	28	33	25	7	3	Dilemmas	1	200			
100_S1	76.53	1	1	1	1818	13.6666666666667	29	22	30	20	6	3	Dilemmas	1	200			
101_S1	34.07	1	1	1	283	12.9166666666667	34	22	35	9	7	2	Dilemmas	1	200			
102_S1	12.89	1	1	1	422	12.0833333333333	30	15	25	15	6	3	Dilemmas	1	200			
103_S1	0	1	1	1	643	14	34	22	16	11	6	2	Dilemmas	1	200			
104_S1	69.87	1	1	1	669	13	32	19	24	16	3	3	Dilemmas	1	200			
105_S1	0	1	1	1	640	14.3833333333333	33	29	31	17	6	2	Dilemmas	1	200			
106_S1	11.44	1	1	1	369	11.0666666666667	27	20	24	21	4	3	Dilemmas	1	200			
107_S1	70.09	1	1	1	369	9.16666666666667	25	27	37	29	1	0	Dilemmas	1	200			
108_S1	72.84	1	1	1	484	12.2	33	26	22	18	4	1	Dilemmas	1	200			
109_S1	55	1	1	1	799	12.2166666666667	33	32	32	23	3	3	Dilemmas	1	200			
110_S1	39.05	1	1	1	458	12	40	14	30	18	6	3	Dilemmas	1	200			
111_S1	52.81	1	1	1	653	10.3666666666667	24	19	25	25	3	3	Dilemmas	1	200			
112_S1	98.18	1	1	1	461	11.4333333333333	35	12	23	20	5	3	Dilemmas	1	200			
113_S1	66.25	1	1	1	478	9.45	39	12	32	15	7	3	Dilemmas	1	200			
114_S1	89.9	1	1	1	898	12.5	36	23	30	19	5	2	Dilemmas	1	200			
115_S1	54.72	1	1	1	537	12.4666666666667	28	18	34	28	5	1	Dilemmas	1	200			
116_S1	51.26	1	1	1	505	12.5833333333333	35	23	31	25	6	3	Dilemmas	1	200			
117_S1	59.19	1	1	1	309	9.61666666666667	20	29	27	27	1	0	Dilemmas	1	200			
118_S1	43.77	1	1	1	1471	10.6833333333333	27	23	35	18	5	3	Dilemmas	1	200			
119_S1	96.55	1	1	1	656	8.75	32	22	29	29	7	2	Dilemmas	1	200			
120_S1	54.37	1	1	1	683	12.8166666666667	33	20	21	14	6	2	Dilemmas	1	200			
121_S1	19.61	1	1	1	750	12.85	29	20	31	18	0	3	Dilemmas	1	200			
122_S1	5.8	1	1	1	520	13.5333333333333	36	16	26	14	7	3	Dilemmas	1	200			
123_S1	34.4	1	1	1	2378	13.6833333333333	24	31	29	24	6	2	Dilemmas	1	200			
124_S1	74.64	1	1	1	459	12.7166666666667	25	34	34	21	4	0	Dilemmas	1	200			
1_S2		1	1	1	165	12	23	18	20	18	4	3	Scale	2	150	33		
2_S2		1	1	1	214	12.25	24	25	26	30	6	1	Scale	2	150	31		
3_S2		1	1	1	180	12.25	26	14	39	21	2	0	Scale	2	150	28		
4_S2		1	1	1	261	11.2666666666667	32	37	24	10	6	3	Scale	2	150	28		
5_S2		1	1	1	280	9.26666666666667	24	31	38	28	0	0	Scale	2	150	33		
6_S2		1	1	1	267	12	33	18	23	18	6	2	Scale	2	150	41		
7_S2		1	1	1	298	11.2833333333333	29	12	25	14	5	3	Scale	2	150	33		
8_S2		1	1	1	318	12.2833333333333	39	18	40	13	7	3	Scale	2	150	40		
9_S2		1	1	1	388	11	25	28	25	25	6	2	Scale	2	150	29		
10_S2		1	1	1	365	11.3	40	16	9	15	7	3	Scale	2	150	35		
11_S2		1	1	1	405	12	30	19	23	13	6	2	Scale	2	150	33		
12_S2		1	1	1	442	12.3166666666667	23	22	33	37	0	3	Scale	2	150	33		
13_S2		1	1	1	333	9.33333333333333	32	20	27	16	5	3	Scale	2	150	38		
15_S2		1	1	1	430	9.33333333333333	37	13	24	15	6	3	Scale	2	150	35		
16_S2		1	1	1	445	10.3333333333333	39	19	26	22	7	3	Scale	2	150	27		
17_S2		1	1	1	498	11.3333333333333	30	17	32	11	2	0	Scale	2	150	46		
18_S2		1	1	1	164	12.3333333333333	24	36	38	31	6	3	Scale	2	150	35		
19_S2		1	1	1	540	12.35	25	31	26	25	4	3	Scale	2	150	31		
20_S2		1	1	1	339	12.35	27	21	9	9	4	0	Scale	2	150	39		
21_S2		1	1	1	570	11.35	36	19	32	13	7	2	Scale	2	150	32		
22_S2		1	1	1	439	9.35	31	28	30	17	5	2	Scale	2	150	40		
23_S2		1	1	1	150	9	26	33	35	32	4	1	Scale	2	150	29		
24_S2		1	1	1	338	9.36666666666667	26	27	31	26	1	0	Scale	2	150	30		
25_S2		1	1	1	510	12.3666666666667	37	11	18	12	4	3	Scale	2	150	47		
26_S2		1	1	1	172	11	31	28	37	33	2	2	Scale	2	150	32		
27_S2		1	1	1	765	10.4	27	34	33	19	0	1	Scale	2	150	35		
28_S2		1	1	1	291	9.33333333333333	24	30	37	30	2	0	Scale	2	150	31		
29_S2		1	1	1	361	9.43333333333333	34	27	30	22	1	1	Scale	2	150	42		
31_S2		1	1	1	372	12.4333333333333	25	32	32	32	2	0	Scale	2	150	33		
32_S2		1	1	1	116	12.45	24	21	9	17	1	0	Scale	2	150	34		
33_S2		1	1	1	384	12.4666666666667	35	10	19	14	1	3	Scale	2	150	39		
34_S2		1	1	1	383	12.5	35	15	18	17	4	3	Scale	2	150	36		
35_S2		1	1	1	254	12	35	13	15	15	7	2	Scale	2	150	19		
36_S2		1	1	1	217	12.5	24	27	27	27	1	3	Scale	2	150	31		
37_S2		1	1	1	511	11.5	31	15	25	15	7	2	Scale	2	150	37		
38_S2		1	1	1	323	11.5	29	17	33	13	7	3	Scale	2	150	38		
39_S2		1	1	1	357	10	25	18	9	23	6	1	Scale	2	150	39		
40_S2		1	1	1	495	9.51666666666667	30	18	27	23	4	1	Scale	2	150	31		
41_S2		1	1	1	348	10	24	33	38	32	0	0	Scale	2	150	33		
42_S2		1	1	1	369	12.5666666666667	25	29	38	30	1	1	Scale	2	150	31		
43_S2		1	1	1	519	12.6666666666667	26	34	26	23	1	3	Scale	2	150	32		
44_S2		1	1	1	1093	11.5833333333333	28	36	31	31	2	3	Scale	2	150	38		
45_S2		1	1	1	406	9.6	27	23	29	25	3	3	Scale	2	150	36		
46_S2		1	1	1	387	11.6166666666667	22	14	28	13	0	1	Scale	2	150	33		
47_S2		1	1	1	707	12.6333333333333	27	28	39	32	4	2	Scale	2	150	31		
48_S2		1	1	1	673	12.65	37	15	25	22	5	1	Scale	2	150	40		
49_S2		1	1	1	438	9.65	33	16	25	27	6	3	Scale	2	150	39		
50_S2		1	1	1	631	12.65	30	33	32	24	6	3	Scale	2	150	34		
51_S2		1	1	1	790	12.6666666666667	25	29	26	24	1	1	Scale	2	150	30		
52_S2		1	1	1	364	12.6833333333333	24	19	24	10	5	1	Scale	2	150	34		
53_S2		1	1	1	1082	12.6833333333333	24	27	27	27	7	3	Scale	2	150	33		
54_S2		1	1	1	1544	11.7166666666667	30	21	22	20	7	3	Scale	2	150	39		
56_S2		1	1	1	478	12.7166666666667	22	29	31	15	3	3	Scale	2	150	39		
57_S2		1	1	1	335	11.7333333333333	23	33	35	27	2	0	Scale	2	150	29		
58_S2		1	1	1	836	12.7333333333333	22	33	39	34	0	1	Scale	2	150	28		
59_S2		1	1	1	426	11	36	27	20	30	6	0	Scale	2	150	36		
60_S2		1	1	1	431	12.75	29	21	29	25	6	3	Scale	2	150	32		
61_S2		1	1	1	530	11.75	26	20	27	22	2	3	Scale	2	150	40		
62_S2		1	1	1	347	12.75	37	16	21	20	6	3	Scale	2	150	36		
63_S2		1	1	1	231	9.76666666666667	39	23	31	11	6	3	Scale	2	150	32		
64_S2		1	1	1	415	11.3333333333333	22	30	36	36	5	3	Scale	2	150	31		
66_S2		1	1	1	248	12.85	39	17	16	12	7	3	Scale	2	150	36		
67_S2		1	1	1	638	12.85	21	26	33	36	4	2	Scale	2	150	29		
69_S2		1	1	1	746	11.8833333333333	23	34	39	34	0	0	Scale	2	150	32		
70_S2		1	1	1	252	12.9	23	9	18	9	2	0	Scale	2	150	34		
71_S2		1	1	1	386	9.9	32	27	32	21	7	3	Scale	2	150	32		
72_S2		1	1	1	426	12.9166666666667	27	23	38	22	2	3	Scale	2	150	38		
73_S2		1	1	1	566	9.95	25	27	29	26	5	2	Scale	2	150	29		
74_S2		1	1	1	347	12.95	23	32	38	33	4	3	Scale	2	150	27		
75_S2		1	1	1	665	13.0333333333333	40	15	17	12	7	3	Scale	2	150	37		
76_S2		1	1	1	534	11.25	37	27	33	18	1	3	Scale	2	150	40		
77_S2		1	1	1	331	13.0833333333333	36	9	35	10	7	3	Scale	2	150	38		
78_S2		1	1	1	811	13.0833333333333	25	31	36	30	2	2	Scale	2	150	32		
79_S2		1	1	1	328	12	17	20	19	22	1	2	Scale	2	150	33		
80_S2		1	1	1	1174	10	24	32	39	32	2	3	Scale	2	150	32		
81_S2		1	1	1	277	12	23	25	31	29	1	3	Scale	2	150	31		
82_S2		1	1	1	358	13.15	25	28	34	36	1	0	Scale	2	150	34		
83_S2		1	1	1	475	10.2166666666667	38	19	37	17	7	3	Scale	2	150	36		
84_S2		1	1	1	510	13	25	29	31	33	1	1	Scale	2	150	33		
85_S2		1	1	1	724	13.3166666666667	37	11	24	14	6	3	Scale	2	150	33		
86_S2		1	1	1	368	10.3	24	31	37	37	1	0	Scale	2	150	40		
87_S2		1	1	1	450	13.3333333333333	34	17	23	18	6	3	Scale	2	150	38		
88_S2		1	1	1	2940	12.7833333333333	26	31	35	34	0	1	Scale	2	150	35		
89_S2		1	1	1	362	12	23	26	30	28	3	3	Scale	2	150	32		
91_S2		1	1	1	488	12.3833333333333	30	23	29	23	6	3	Scale	2	150	32		
92_S2		1	1	1	665	13.4	29	19	23	23	6	3	Scale	2	150	38		
93_S2		1	1	1	202	12.4333333333333	23	31	28	28	0	2	Scale	2	150	33		
94_S2		1	1	1	1027	13	31	23	25	20	7	3	Scale	2	150	44		
95_S2		1	1	1	427	10.45	22	30	37	33	0	2	Scale	2	150	29		
96_S2		1	1	1	382	12.5	34	13	31	15	7	3	Scale	2	150	33		
98_S2		1	1	1	826	13.5666666666667	27	16	28	18	6	3	Scale	2	150	35		
99_S2		1	1	1	311	10.6333333333333	24	31	39	33	4	3	Scale	2	150	31		
101_S2		1	1	1	919	10.7	31	24	31	26	5	3	Scale	2	150	33		
102_S2		1	1	1	307	10.7	27	25	30	22	5	3	Scale	2	150	32		
103_S2		1	1	1	468	12.7666666666667	25	29	37	34	0	0	Scale	2	150	32		
104_S2		1	1	1	848	10.9	23	18	20	10	2	2	Scale	2	150	30		
106_S2		1	1	1	614	12.2	35	10	28	17	7	3	Scale	2	150	38		
107_S2		1	1	1	10548	13.0333333333333	21	27	22	27	2	0	Scale	2	150	28		
108_S2		1	1	1	531	12.9666666666667	39	15	23	11	7	2	Scale	2	150	37		
109_S2		1	1	1	204	11.8666666666667	34	35	16	19	2	2	Scale	2	150	32		
110_S2		1	1	1	454	11.0333333333333	28	29	26	22	5	1	Scale	2	150	33		
1_S3		1	1	1	759	17.25							Scale	3	150	36		
2_S3		1	1	1	1195	17.3333333333333							Scale	3	150	34		
3_S3		1	1	1	1032	17.45							Scale	3	150	35		
4_S3		1	1	1	1077	17.5166666666667							Scale	3	150	35		
5_S3		1	1	1	1785	17.85							Scale	3	150	38		
13_S3		1	1	1	516	11.4166666666667							Scale	3	150	43		
14_S3		1	1	1	1126	15.7666666666667							Scale	3	150	38		
18_S3		1	1	1	1000	17.6166666666667							Scale	3	150	30		
19_S3		1	1	1	951	16.1833333333333							Scale	3	150	44		
24_S3		1	1	1	1046	10.1833333333333							Scale	3	150	37		
32_S3		1	1	1	2473	11							Scale	3	150	34		
33_S3		1	1	1	2266	14.65							Scale	3	150	40		
34_S3		1	1	1	1350	15.5							Scale	3	150	36		
49_S3		1	1	1	1051	11.5333333333333							Scale	3	150	38		
50_S3		1	1	1	673	15.6166666666667							Scale	3	150	37		
51_S3		1	1	1	610	11.95							Scale	3	150	33		
52_S3		1	1	1	1263	14.55							Scale	3	150	44		
53_S3		1	1	1	868	15.3666666666667							Scale	3	150	36		
1_S4	66.17	1	1	1	530	12.2666666666667								4	200	30	0.642857142857143	
2_S4	62.64	1	1	1	635	12.2833333333333								4	200	38	1	
3_S4	57.22	1	1	1	703	9.31666666666667								4	200	32	1	
4_S4	58.8	1	1	1	544	12.4666666666667								4	200	35	0.785714285714286	
5_S4	48.92	1	1	1	442	12.3833333333333								4	200	30	0.857142857142857	
6_S4	56.1	1	1	1	636	10.4								4	200	30	1	
7_S4	79.89	1	1	1	721	9.38333333333333								4	200	38	0.785714285714286	
8_S4	0	1	1	1	557	12.4								4	200	30	1	
9_S4	8.64	1	1	1	442	12.4								4	200	24	1	
10_S4	91.54	1	1	1	679	9.4								4	200	33	1	
11_S4	80.87	1	1	1	691	10.4166666666667								4	200	39	0.785714285714286	
12_S4	56.38	1	1	1	552	11.4166666666667								4	200	34	0.857142857142857	
13_S4	80.49	1	1	1	470	12.4333333333333								4	200	40	0.928571428571429	
14_S4	74.27	1	1	1	787	9.43333333333333								4	200	32	0.714285714285714	
16_S4	80.98	1	1	1	795	12.4666666666667								4	200	40	0.857142857142857	
17_S4	50.54	1	1	1	373	12.4666666666667								4	200	32	0.857142857142857	
18_S4	25.74	1	1	1	1222	12.4666666666667								4	200	30	0.785714285714286	
19_S4	74.26	1	1	1	517	9.5								4	200	30	1	
20_S4	84.39	1	1	1	735	12.5								4	200	34	0.571428571428571	
21_S4	110	1	1	1	276	11.5								4	200	46	1	
22_S4	62.92	1	1	1	132	11.5								4	200	28	1	
23_S4	61.54	1	1	1	209	12.55								4	200	32	1	
26_S4	65.51	1	1	1	471	12.5666666666667								4	200	38	0.785714285714286	
27_S4	84.46	1	1	1	456	12.5833333333333								4	200	36	0.5	
28_S4	110	1	1	1	480	11.5833333333333								4	200	40	0.714285714285714	
30_S4	68.28	1	1	1	1396	12.6166666666667								4	200	31	0.714285714285714	
31_S4	79.22	1	1	1	1462	9.63333333333333								4	200	35	0.5	
33_S4	53.31	1	1	1	151	12.75								4	200	33	0.571428571428571	
34_S4	77.94	1	1	1	408	9.8								4	200	34	1	
35_S4	42.27	1	1	1	670	12.8333333333333								4	200	25	0.5	
36_S4	61.38	1	1	1	773	9								4	200	32	0.714285714285714	
37_S4	51.22	1	1	1	594	13								4	200	39	1	
38_S4	66.72	1	1	1	136	10.0666666666667								4	200	31	0.928571428571429	
39_S4	72.03	1	1	1	314	13.0833333333333								4	200	31	1	
40_S4	10	1	1	1	595	12.0833333333333								4	200	26	0.5	
41_S4	10.1	1	1	1	223	13.1								4	200	32	1	
42_S4	93.62	1	1	1	590	11.15								4	200	39	0.714285714285714	
43_S4	81.02	1	1	1	654	9								4	200	35	0.5	
44_S4	8.22	1	1	1	475	12.1833333333333								4	200	27	0.928571428571429	
45_S4	71.92	1	1	1	534	11.1833333333333								4	200	30	0.857142857142857	
46_S4	89.6	1	1	1	409	13.2166666666667								4	200	35	1	
47_S4	73.81	1	1	1	577	9.25								4	200	34	0.928571428571429	
48_S4	71.47	1	1	1	820	13.2833333333333								4	200	37	0.857142857142857	
49_S4	34.37	1	1	1	420	13.3								4	200	32	1	
50_S4	40	1	1	1	641	12.3333333333333								4	200	33	1	
51_S4	55.64	1	1	1	152	12.45								4	200	33	0.5	
52_S4	95.7	1	1	1	412	10.45								4	200	32	0.285714285714286	
53_S4	0	1	1	1	821	13.5166666666667								4	200	25	0.5	
54_S4	61.58	1	1	1	369	10.5333333333333								4	200	36	0.928571428571429	
56_S4	39.91	1	1	1	287	13.65								4	200	36	0.714285714285714	
57_S4	64.71	1	1	1	320	9.45								4	200	32	0.428571428571429	
58_S4	51.79	1	1	1	638	13.7333333333333								4	200	32	0.571428571428571	
59_S4	32.62	1	1	1	356	10.7666666666667								4	200	34	0.857142857142857	
60_S4	59.95	1	1	1	688	10.7666666666667								4	200	37	1	
61_S4	73	1	1	1	509	13.7								4	200	31	0.857142857142857	
62_S4	60	1	1	1	1038	10.85								4	200	31	0.428571428571429	
63_S4	87.69	1	1	1	1341	13.9								4	200	41	0.785714285714286	
64_S4	61.86	1	1	1	625	10.9166666666667								4	200	36	1	
67_S4	59.71	1	1	1	493	11.0333333333333								4	200	31	0.785714285714286	
69_S4	58.34	1	1	1	1950	14.1166666666667								4	200	29	0.928571428571429	
70_S4	64.65	1	1	1	629	14.15								4	200	37	0.857142857142857	
71_S4	88.04	1	1	1	661	11.15								4	200	31	0.642857142857143	
72_S4	84.1	1	1	1	439	14.1333333333333								4	200	31	0.857142857142857	
74_S4	91.86	1	1	1	184	13.3								4	200	30	0.857142857142857	
75_S4	82.95	1	1	1	660	14.6								4	200	31	0.714285714285714	
76_S4	34.13	1	1	1	330	14.6333333333333								4	200	34	1	
77_S4	36.28	1	1	1	272	11.7								4	200	31	1	
78_S4	94.18	1	1	1	1458	14.7								4	200	34	1	
79_S4	84.21	1	1	1	2277	13.7333333333333								4	200	36	0.928571428571429	
80_S4	63.67	1	1	1	610	11.7666666666667								4	200	32	0.928571428571429	
81_S4	64.78	1	1	1	609	13.85								4	200	37	1	
82_S4	99.61	1	1	1	1364	14.9833333333333								4	200	35	1	
83_S4	17.85	1	1	1	706	15.05								4	200	30	0.785714285714286	
84_S4	110	1	1	1	600	12.0666666666667								4	200	43	1	
85_S4	3.45	1	1	1	786	12.1333333333333								4	200	33	0.857142857142857	
86_S4	49.04	1	1	1	706	14.2166666666667								4	200	39	0.714285714285714	
87_S4	28.84	1	1	1	608	14.3666666666667								4	200	30	0.928571428571429	
89_S4	63	1	1	1	237	14.3333333333333								4	200	34	0.714285714285714	
90_S4	48.31	1	1	1	261	14.45								4	200	35	1	
91_S4	65.52	1	1	1	805	12.45								4	200	35	0.857142857142857	
92_S4	68.23	1	1	1	310	12.6333333333333								4	200	36	1	
93_S4	61.95	1	1	1	364	12.7166666666667								4	200	34	0.928571428571429	
95_S4	34.12	1	1	1	1798	14.7833333333333								4	200	24	0.428571428571429	
96_S4	65.34	1	1	1	4641	15.5833333333333								4	200	37	0.857142857142857	
97_S4	67.29	1	1	1	582	16.1								4	200	32	0.714285714285714	
98_S4	75.07	1	1	1	400	16.2333333333333								4	200	34	1	
99_S4	42.66	1	1	1	1178	16.2666666666667								4	200	34	0.642857142857143	
100_S4	9.02	1	1	1	391	16.3166666666667								4	200	29	0.428571428571429	
101_S4	20	1	1	1	663	16.55								4	200	33	0.857142857142857	
102_S4	65.81	1	1	1	1783	15.5833333333333								4	200	39	0.857142857142857	
103_S4	53.42	1	1	1	1030	15.85								4	200	35	1	
104_S4	20	1	1	1	789	16.9333333333333								4	200	31	1	
105_S4	66.72	1	1	1	419	15.45								4	200	41	0.714285714285714	
109_S4	60.39	1	1	1	631	12.6666666666667								4	200	37	0.857142857142857	
117_S4	8.25	1	1	1	692	12.85								4	200	31	1	
118_S4	14.82	1	1	1	993	12.7833333333333								4	200	32	1	
119_S4	68.48	1	1	1	389	13.4833333333333								4	200	27	0.5	
120_S4	35.93	1	1	1	521	11.7666666666667								4	200	36	0.571428571428571	
121_S4	48.41	1	1	1	419	14.85								4	200	38	1	
122_S4	52.9	1	1	1	1030	16.15								4	200	39	0.785714285714286	
1_S5	1.5	1	1	1	807	14.4333333333333								5	150	34		
2_S5	57.31	1	1	1	1686	14.7166666666667								5	150	36		
3_S5	39.03	1	1	1	1092	14.85								5	150	38		
4_S5	49	1	1	1	927	14.9833333333333								5	150	33		
5_S5	30	1	1	1	1525	15.0333333333333								5	150	39		
6_S5	22.41	1	1	1	1068	15.25								5	150	38		
7_S5	10	1	1	1	2296	15.3								5	150	28		
8_S5	52.9	1	1	1	823	15.3333333333333								5	150	39		
9_S5	8.46	1	1	1	1330	15.3833333333333								5	150	31		
10_S5	58.34	1	1	1	2613	15.4666666666667								5	150	38		
11_S5	70.89	1	1	1	1446	15.5								5	150	35		
12_S5	19.08	1	1	1	962	15.6333333333333								5	150	33		
13_S5	25.68	1	1	1	821	15.95								5	150	31		
14_S5	36.6	1	1	1	1088	16.5333333333333								5	150	40		
15_S5	19.6	1	1	1	764	16.5333333333333								5	150	31		
16_S5	42.66	1	1	1	661	16.55								5	150	37		
17_S5	29.85	1	1	1	1295	17.0333333333333								5	150	33		
18_S5	7.46	1	1	1	1195	17.4666666666667								5	150	27		
19_S5	28.26	1	1	1	1216	17.8166666666667								5	150	31		
52_S5	30.29	1	1	1	637	8.71666666666667								5	150	39		
53_S5	56.78	1	1	1	913	9.33333333333333								5	150	37		
54_S5	64.28	1	1	1	910	10.3166666666667								5	150	35		
55_S5	21.17	1	1	1	1043	10.8333333333333								5	150	44		
56_S5	45.24	1	1	1	776	10.9666666666667								5	150	41		
57_S5	44.55	1	1	1	780	11.1166666666667								5	150	31		
58_S5	71.21	1	1	1	987	13.5333333333333								5	150	42		
59_S5	94.36	1	1	1	65463	14.5166666666667								5	150	42		
60_S5	0	1	1	1	836	14.65								5	150	35		
61_S5	29.45	1	1	1	851	15.0166666666667								5	150	40		
62_S5	0.43	1	1	1	955	15.6								5	150	35		
63_S5	51.38	1	1	1	1003	16.35								5	150	38		
64_S5	58.74	1	1	1	1022	16.4166666666667								5	150	41		
65_S5	50	1	1	1	866	17.4166666666667								5	150	30		
66_S5	40	1	1	1	1003	17.9166666666667								5	150	40		
86_S5	58.91	1	1	1	1274	9.15								5	150	39		
87_S5	60	1	1	1	1212	11.15								5	150	40		
88_S5	72.07	1	1	1	1057	11.2833333333333								5	150	44		
89_S5	42.91	1	1	1	1721	11.35								5	150	36		
90_S5	41.5	1	1	1	727	11.65								5	150	41		
91_S5	3.87	1	1	1	6963	13.5833333333333								5	150	34		
92_S5	1.46	1	1	1	929	17.3833333333333								5	150	44		
94_S5	35.92	1	1	1	945	12.3666666666667								5	150	37		
95_S5	36.44	1	1	1	1253	8.81666666666667								5	150	30		
96_S5	70	1	1	1	772	11.4333333333333								5	150	34		
97_S5	29.99	1	1	1	1603	16.8								5	150	37		
98_S5	37.22	1	1	1	571	17.85								5	150	35		
116_S5	44.67	1	1	1	1504	8.98333333333333								5	150	39		
119_S5	10	1	1	1	838	13.7833333333333								5	150	25		
1_S6	17.61	1	1	1	439	8.91666666666667								6	150	39		1
3_S6	90	1	1	1	381	8.95								6	150	37		1
4_S6	38.77	1	1	1	772	8.95								6	150	33		1
5_S6	67.93	1	1	1	714	8.96666666666667								6	150	37		1
6_S6	96.03	1	1	1	764	9.01666666666667								6	150	38		1
7_S6	52.13	1	1	1	695	9.03333333333333								6	150	33		1
8_S6	14.79	1	1	1	442	9.06666666666667								6	150	34		1
9_S6	7.21	1	1	1	596	9.05								6	150	38		1
10_S6	33.36	1	1	1	820	9.06666666666667								6	150	40		1
11_S6	2.86	1	1	1	750	9.08333333333333								6	150	33		1
12_S6	61.88	1	1	1	283	9.08333333333333								6	150	34		1
13_S6	80.24	1	1	1	653	9.1								6	150	32		1
14_S6	8.01	1	1	1	507	9.45								6	150	27		1
15_S6	37.14	1	1	1	619	9.13333333333333								6	150	30		0
16_S6	61.06	1	1	1	474	9.13333333333333								6	150	29		1
17_S6	19.56	1	1	1	297	9.15								6	150	35		1
18_S6	46.5	1	1	1	555	9.15								6	150	34		1
19_S6	44.89	1	1	1	721	9.15								6	150	34		1
20_S6	20.61	1	1	1	706	9.16666666666667								6	150	36		1
21_S6	69.09	1	1	1	592	9.16666666666667								6	150	31		1
22_S6	8.61	1	1	1	481	9.16666666666667								6	150	26		1
23_S6	13.34	1	1	1	459	9.18333333333333								6	150	33		1
24_S6	20.89	1	1	1	494	9.2								6	150	31		1
26_S6	40.05	1	1	1	537	9.2								6	150	34		1
27_S6	56.36	1	1	1	613	9.21666666666667								6	150	38		1
28_S6	54.86	1	1	1	700	17.2166666666667								6	150	37		1
29_S6	21.43	1	1	1	262	9.21666666666667								6	150	37		1
30_S6	48.92	1	1	1	621	9.21666666666667								6	150	36		1
31_S6	15.42	1	1	1	834	9.21666666666667								6	150	34		0
32_S6	43.96	1	1	1	1432	9.21666666666667								6	150	41		1
33_S6	45.21	1	1	1	541	9.21666666666667								6	150	34		1
34_S6	9.01	1	1	1	382	9.25								6	150	29		1
35_S6	1.89	1	1	1	967	9.25								6	150	32		1
36_S6	28.61	1	1	1	688	9.26666666666667								6	150	34		1
37_S6	7.57	1	1	1	465	9.26666666666667								6	150	33		1
39_S6	0.22	1	1	1	514	9.26666666666667								6	150	37		1
40_S6	34.44	1	1	1	485	9.26666666666667								6	150	39		1
41_S6	24.46	1	1	1	544	9.26666666666667								6	150	38		1
42_S6	59.39	1	1	1	387	9.26666666666667								6	150	33		1
43_S6	52.37	1	1	1	528	9.26666666666667								6	150	36		1
45_S6	2.26	1	1	1	701	9.26666666666667								6	150	33		1
46_S6	47.8	1	1	1	554	9.28333333333333								6	150	38		1
47_S6	55.33	1	1	1	557	9.28333333333333								6	150	35		1
48_S6	46.03	1	1	1	682	9.28333333333333								6	150	34		1
49_S6	0	1	1	1	997	9.3								6	150	33		1
50_S6	19.69	1	1	1	443	9.3								6	150	31		1
51_S6	5.63	1	1	1	616	9.3								6	150	36		1
52_S6	64.5	1	1	1	513	9.3								6	150	34		1
53_S6	39.03	1	1	1	578	9.3								6	150	33		1
54_S6	6.92	1	1	1	582	9.31666666666667								6	150	39		1
55_S6	49.83	1	1	1	556	9.31666666666667								6	150	38		1
56_S6	30.11	1	1	1	608	9.31666666666667								6	150	29		1
58_S6	30.34	1	1	1	1078	9.31666666666667								6	150	35		1
59_S6	0	1	1	1	579	9.31666666666667								6	150	34		1
60_S6	50.99	1	1	1	932	9.33333333333333								6	150	39		1
61_S6	2.55	1	1	1	665	9.35								6	150	33		1
62_S6	11.27	1	1	1	691	10.35								6	150	28		1
63_S6	100.62	1	1	1	771	9.35								6	150	38		1
64_S6	15.91	1	1	1	695	9.41666666666667								6	150	32		1
65_S6	46.34	1	1	1	689	9.35								6	150	36		1
66_S6	45.1	1	1	1	855	9.03333333333333								6	150	35		1
67_S6	27.49	1	1	1	1638	9.31666666666667								6	150	37		1
68_S6	44.54	1	1	1	525	9.35								6	150	35		1
69_S6	46.64	1	1	1	882	9.35								6	150	38		1
70_S6	0	1	1	1	853	9.36666666666667								6	150	28		1
71_S6	57.98	1	1	1	834	9.38333333333333								6	150	33		1
72_S6	52.98	1	1	1	748	9.36666666666667								6	150	35		1
73_S6	17.32	1	1	1	997	9.38333333333333								6	150	38		1
74_S6	50.69	1	1	1	1083	9.38333333333333								6	150	35		1
75_S6	23.85	1	1	1	892	9.4								6	150	34		1
76_S6	2.09	1	1	1	891	9.41666666666667								6	150	34		1
77_S6	57.34	1	1	1	1151	9.41666666666667								6	150	32		1
78_S6	28.74	1	1	1	1000	9.43333333333333								6	150	41		1
79_S6	25.86	1	1	1	1097	9.43333333333333								6	150	35		1
80_S6	52.68	1	1	1	1049	10.45								6	150	38		1
81_S6	19.85	1	1	1	1094	10.4666666666667								6	150	36		1
82_S6	6.4	1	1	1	1092	9.46666666666667								6	150	30		1
83_S6	31.04	1	1	1	1532	9.48333333333333								6	150	28		1
84_S6	26.5	1	1	1	1208	9.48333333333333								6	150	36		1
85_S6	26.96	1	1	1	1030	9.5								6	150	37		1
86_S6	38.4	1	1	1	1281	9.51666666666667								6	150	34		1
87_S6	34.8	1	1	1	1632	9.56666666666667								6	150	30		1
88_S6	46.23	1	1	1	1897	9.6								6	150	38		1
89_S6	2.18	1	1	1	647	9.93333333333333								6	150	32		1
90_S6	19.15	1	1	1	975	10.0333333333333								6	150	32		1
91_S6	51.11	1	1	1	425	13.0833333333333								6	150	37		1
92_S6	4.15	1	1	1	512	13.1166666666667								6	150	33		1
93_S6	63.49	1	1	1	515	13.1166666666667								6	150	41		1
94_S6	51.97	1	1	1	545	13.1166666666667								6	150	42		1
95_S6	43.2	1	1	1	551	13.1333333333333								6	150	37		1
96_S6	0	1	1	1	568	13.1333333333333								6	150	37		1
97_S6	6.57	1	1	1	579	13.1333333333333								6	150	33		1
98_S6	0	1	1	1	617	13.15								6	150	33		1
99_S6	78.79	1	1	1	898	13.2166666666667								6	150	40		1
100_S6	45.98	1	1	1	971	13.25								6	150	36		1
101_S6	33.21	1	1	1	1160	13.3								6	150	41		1
102_S6	25.15	1	1	1	1128	13.3								6	150	38		1
103_S6	28	1	1	1	613	13.3166666666667								6	150	31		1
104_S6	66.89	1	1	1	1307	13.35								6	150	37		1
105_S6	5.92	1	1	1	1653	13.4333333333333								6	150	36		1
