ID	Submarine_1	Trespassers_1	Hostages_1	Liferaft_1	PlaneCrash_1	PrisWar_1	Spelunkers_1	Soldier_1	Surgery_1	Footbridge_1	CryingBaby_1	rmeq1_scored	rmeq2_scored	rmeq3_scored	rmeq4_scored	rmeq5_scored	Sexe	AttentionCheck	hour_completion	group
1	7.9	8.21	8.7	7.96	0.64	9.61	2.35	7.76	0	0	0	3	2	3	3	6	1	8	8.56666666666667	8:30am-9:30am
2	3.15	3.33	3.62	5.8	0.16	6.19	3.13	3.66	0	1.83	0	3	2	4	3	4	2	8	8.65	8:30am-9:30am
3	1.42	0	0	5.1	0	3.7	5.1	5.86	0	0	0	3	4	3	3	2	2	8	8.65	8:30am-9:30am
4	10	10	0	10	5.97	7.76	7.9	10	0	0	0	3	3	4	3	4	1	8	8.66666666666667	8:30am-9:30am
5	0	0	0	7.02	0	0	0	0	0	0	0	3	2	3	3	4	1	8	8.68333333333333	8:30am-9:30am
6	1.15	9.2	0.95	0.78	0	0	9.3	9.71	0	0	0.14	4	2	3	3	2	1	8	8.68333333333333	8:30am-9:30am
7	6.69	3.31	2.84	7.78	3.56	5.08	3.72	6.17	1.4	0	5.1	3	1	3	3	2	1	8	8.7	8:30am-9:30am
8	8.34	6.3	3.48	5.66	0	2.97	6.05	10	1.35	2.21	3.04	2	2	3	3	2	2	8	8.7	8:30am-9:30am
9	0.56	0	0.67	6.21	0	3.85	6.21	1.61	0	1.49	0.98	3	1	4	3	4	2	8	8.73333333333333	8:30am-9:30am
10	8.31	1.38	3.84	8.94	0	6.51	6.4	0	0	3.02	7.57	3	2	3	3	0	1	8	8.81666666666667	8:30am-9:30am
11	3.48	6.95	7	2.65	2.74	5.53	3.93	6.98	1.15	0	1.07	3	2	3	2	2	1	8	8.85	8:30am-9:30am
12	6.75	3.46	3.52	6.38	3.13	3.05	3.02	4.01	2.94	4.03	4.61	4	3	2	1	2	1	8	8.86666666666667	8:30am-9:30am
13	8.71	5.18	1.75	10	6.76	0	7.52	0	0	1.66	7.71	5	3	4	3	6	1	8	8.91666666666667	8:30am-9:30am
14	2.61	0.91	6.67	8.62	0	7.92	2.22	6.05	0	2.57	7.57	2	1	2	3	0	1	8	8.95	8:30am-9:30am
15	8.62	0	5.93	10	0	7.04	1.89	0	0	0	5.86	2	4	3	3	2	1	8	8.95	8:30am-9:30am
16	10	0	7.98	10	0	8.05	7.49	10	0	0	0	2	1	3	3	2	3	8	8.98333333333333	8:30am-9:30am
17	7.9	0.68	0.31	9.32	2.53	3.91	1.81	7.63	0	0	6.4	4	3	3	3	4	1	8	9.1	8:30am-9:30am
18	7.75	8.32	7.44	7.73	6.94	7.32	7.38	7.32	7.84	7.49	7.86	3	2	3	3	2	2	8	9.1	8:30am-9:30am
19	0	0	0	0	0	2.2	1.07	2.37	3.21	0	0	2	2	2	3	4	1	8	9.11666666666667	8:30am-9:30am
20	9.94	0	0	10	0	0	10	0	0	0	0	4	3	5	4	6	1	8	9.11666666666667	8:30am-9:30am
21	9.2	0.39	0.43	9.59	1.23	2.3	3.07	6.54	0.74	1.36	5.1	3	3	3	3	4	1	8	9.11666666666667	8:30am-9:30am
22	8.89	6.23	9.98	10	8.19	10	8.07	6.23	0	1.46	8.62	2	1	2	3	0	1	8	9.15	8:30am-9:30am
23	9.36	6.15	7.06	9.49	6.81	7.22	6.42	7.28	3.42	1.73	6.63	3	2	4	3	2	2	8	9.16666666666667	8:30am-9:30am
24	6.98	2.16	3	6.3	1.77	6.83	2.14	3.17	0	0.33	5.58	1	2	4	3	0	2	8	9.18333333333333	8:30am-9:30am
25	7.11	0	0	10	0	0	4.84	10	0	0	0	2	2	1	3	0	2	8	9.2	8:30am-9:30am
26	7.86	3.05	4.79	8.42	2.72	6.32	5	5	2.8	2.33	6.77	1	1	1	2	0	1	8	9.2	8:30am-9:30am
27	7.88	2.04	1.67	2.94	1.09	2.43	1.69	1.69	1.32	1.28	9.16	3	2	4	3	4	2	8	9.21666666666667	8:30am-9:30am
28	4.51	0	2.98	10	0	1.67	0	0.93	1.34	6.4	1.07	5	2	2	2	2	1	8	9.23333333333333	8:30am-9:30am
29	9.12	5.99	6.01	7.08	4.32	4.32	5.7	7.04	3.19	5.84	5.82	3	2	2	2	2	2	8	9.25	8:30am-9:30am
30	8.19	1.95	1.79	7.49	1.07	6.28	2.45	6.13	0	4.24	4.12	3	2	3	3	2	2	8	9.28333333333333	8:30am-9:30am
31	2.22	10	10	10	0	10	7.07	10	1.26	8.51	0	4	1	4	3	4	2	8	9.3	8:30am-9:30am
32	6.08	7.54	7.47	8.01	4.96	8.68	7.56	7.19	5.04	5.07	5.17	3	2	2	3	2	1	8	9.45	8:30am-9:30am
33	10	10	0	10	10	0	10	10	0	0	1.46	3	3	3	3	2	1	8	9.53333333333333	8:30am-9:30am
34	3.91	3.15	6.83	6.83	7.53	2.61	2.96	2.63	8.19	2.7	3.05	4	2	3	3	4	2	8	9.98333333333333	8:30am-9:30am
35	0.45	0.31	0.33	2.82	2.35	1.89	0.51	1.17	1.07	0.21	0	3	2	3	3	0	2	10	12.2	8:30am-9:30am
36	0	0	0	10	9.05	10	10	10	0	4.4	10	5	1	4	3	2	1	8	8.7	8:30am-9:30am
37	8.31	3.21	2.72	8.02	0	5.78	3.5	5.72	0	0	5.88	3	3	3	3	2	2	8	8.85	8:30am-9:30am
38	7.45	1.93	4.05	7.45	0	4.26	3.77	0	0.19	1.21	5.47	3	2	3	2	2	2	8	8.95	8:30am-9:30am
39	8.37	1.85	7.53	8.91	1.77	6.56	7	2.47	1.36	1.13	2.2	3	2	3	3	2	1	8	8.95	8:30am-9:30am
40	0	0	0	10	0	0	6.89	10	0	0	0	3	3	3	3	2	1	10	9.06666666666667	8:30am-9:30am
41	7.72	6.44	1.58	6.13	4.03	2.9	6.63	8.07	0.72	2.47	6.15	4	3	3	3	4	2	8	9.08333333333333	8:30am-9:30am
42	6.34	3.93	6.85	7.72	2.06	7.04	3.91	7.9	0	1.21	6.03	3	3	3	3	0	1	8	9.11666666666667	8:30am-9:30am
43	7.55	7.57	7.35	10	3.97	8.52	3.95	7.04	0	6.03	4.47	3	3	3	4	6	1	8	9.13333333333333	8:30am-9:30am
44	0.08	0.95	6.71	9.36	0.74	9.32	5.29	9.84	0	0	1.67	3	2	3	2	2	1	8	9.21666666666667	8:30am-9:30am
45	0	0	0	0	0	0	0	0	0.41	0	0	4	2	3	3	0	2	8	9.21666666666667	8:30am-9:30am
46	5.93	2.51	5.21	5.78	3.33	5.14	4.34	7.24	0	4.34	3.72	2	2	1	3	2	2	8	9.3	8:30am-9:30am
47	9.51	2.76	8.62	8.02	8.02	8.02	8.23	8.13	1.93	9.96	1.46	4	3	3	3	2	2	8	9.31666666666667	8:30am-9:30am
48	0	0	0	7.37	0	6.91	6.56	6.03	0	0	2.67	3	1	4	3	4	2	8	9.43333333333333	8:30am-9:30am
49	8.74	8.97	9.26	9.44	0	10	9.53	0	0	10	7.88	5	2	3	3	4	1	10	9.91666666666667	8:30am-9:30am
50	8.37	1.09	2.16	8.15	3.64	8.56	6.11	3.66	0	2.74	1.09	3	3	4	3	6	1	8	8.63333333333333	8:30am-9:30am
51	10	10	10	10	10	10	10	10	10	10	10	2	2	3	3	2	1	8	2.25	8:30am-9:30am
52	8.17	0.31	1.65	7.47	7.61	7.33	1.56	8.48	0.8	0.47	0.74	3	2	2	2	0	1	8	9.05	8:30am-9:30am
53	10	1.95	7.04	10	0	9.49	5.12	7.26	0	0	10	3	2	4	3	2	2	8	9.25	8:30am-9:30am
54	10	1.68	5.69	10	1.82	8.83	5.06	9.06	0	1.1	9.2	3	2	3	2	0	2	8	8.6	8:30am-9:30am
55	8.31	0	7.65	9.4	0	8.87	9.49	1.46	0.74	8.33	7.84	3	4	3	4	4	1	8	8.8	8:30am-9:30am
56	6.73	2.7	2.49	7.06	1.89	2.24	2.82	3.68	0	1.21	4.65	3	2	3	3	4	2	8	8.96666666666667	8:30am-9:30am
57	5.43	2.02	0.66	8.54	0	6.77	6.75	0.99	0.19	3.27	4.24	3	1	3	2	0	1	8	9.16666666666667	8:30am-9:30am
58	7.24	0	2.92	6.73	2.76	7.7	0.7	0.74	0	2.45	7.47	2	1	3	3	2	1	8	9.33333333333333	8:30am-9:30am
59	2.86	6.67	6.48	2.51	1.75	2.26	2.12	2.92	0	0	0	3	3	3	3	4	1	8	8.65	8:30am-9:30am
60	0.69	0.22	0	3.5	0.53	0.12	0.47	5.95	0	1.64	0.61	3	3	4	3	4	1	8	9.35	8:30am-9:30am
61	3.7	2.72	6.95	8.97	0.64	6.32	3.44	5.78	1.09	2.8	2.24	1	2	3	2	0	2	8	9.46666666666667	8:30am-9:30am
65	9.38	0	7.45	7.04	8.27	7.3	6.19	6.81	8.13	6.87	9.94	3	3	3	4	6	2	8	8.6	8:30am-9:30am
66	3.7	1.48	0	3.74	0	0	1.79	6.03	0	1.36	2.02	3	2	3	3	2	2	8	8.75	8:30am-9:30am
67	0	0	0	0.7	0	0	0.8	0	0	0	0.84	3	3	3	3	2	2	8	9.25	8:30am-9:30am
68	1.21	1.54	0.35	1.79	0.64	1.07	3.33	6.6	0.39	0.97	3.35	4	3	3	3	4	1	8	9.41666666666667	8:30am-9:30am
69	9.07	9.47	8.62	10	1.38	10	3.93	6.81	9.36	0.33	2.57	3	2	3	3	2	1	8	9.46666666666667	8:30am-9:30am
70	1.93	0	1.56	3.29	1.46	6.52	4.22	5.76	3.25	1.48	5.35	3	3	3	3	4	2	8	9.53333333333333	8:30am-9:30am
71	1.64	0	1.46	8.04	0.48	3.09	3.04	2.26	0	0	0	3	1	3	3	2	2	8	9.55	8:30am-9:30am
72	2.3	6.75	4.2	7.41	0.35	1.54	0.33	1.89	0	0	0.7	3	2	4	3	4	2	8	9.08333333333333	8:30am-9:30am
73	8.24	1.18	6.84	9.41	2.28	5.03	6.24	9.7	0	1.14	0.22	3	1	3	2	2	2	8	9.48333333333333	8:30am-9:30am
74	7.92	0	0	6.11	0	7.43	3.93	7.35	0	0	0	3	2	3	3	0	2	8	9.33333333333333	8:30am-9:30am
75	8.81	0	0	10	0	0	3	6.34	2.13	3.29	2.25	5	3	4	3	4	2	8	9.31666666666667	8:30am-9:30am
76	10	10	10	10	10	10	8.42	10	0	0	10	3	2	3	3	0	1	8	9.6	8:30am-9:30am
77	3.99	3.33	1.4	6.26	1.79	6.5	3.79	3.93	0	0	0.06	3	2	3	3	2	2	8	9.01666666666667	8:30am-9:30am
78	6.17	3.87	4.28	6.11	3.07	3.91	6.11	5.95	2.63	3.02	3.93	3	3	3	2	0	2	8	8.83333333333333	8:30am-9:30am
79	10	0	10	10	0	10	10	0	0	0	10	3	1	1	3	2	1	8	9.65	8:30am-9:30am
80	10	6.81	6.63	7.45	6.01	7.72	5.82	7.02	3.15	2.65	5.91	2	3	2	3	0	1	8	9.18333333333333	8:30am-9:30am
81	1.38	6.13	0	5.8	0	5.99	3.02	6.46	3.91	2.65	0	2	2	3	3	2	2	8	9.18333333333333	8:30am-9:30am
82	10	0	10	10	0	10	0	0	0	0	0	3	2	2	3	2	2	8	9.41666666666667	8:30am-9:30am
83	1.91	0	9.16	8.74	1.01	9.32	9.18	8.93	0	9.51	1.54	2	3	3	2	0	1	8	15.45	8:30am-9:30am
84	0	0	0	0	0	0	0	10	0	0	0	5	2	4	3	6	2	8	9.11666666666667	8:30am-9:30am
85	1.15	0	4.71	8.81	0.76	9.3	3.23	0.6	0	0.35	9.69	4	3	3	3	4	1	8	8.65	8:30am-9:30am
86	8.05	2.4	1.07	9.06	0	0.74	5.46	8.19	0	0	2.88	2	2	3	2	0	2	8	8.85	8:30am-9:30am
87	10	7.14	7.28	10	3.66	8.62	3.21	8.04	0	0.93	8.68	3	2	2	3	2	2	8	9.03333333333333	8:30am-9:30am
88	6.03	0	4.22	6.05	3.56	5.74	2.8	6.32	0.21	3	5.51	3	3	3	3	2	1	8	9.21666666666667	8:30am-9:30am
89	7.67	0	0.04	7.96	0	10	7.39	9.28	0	0	0.93	4	2	3	3	4	2	8	9.25	8:30am-9:30am
90	9.22	1.95	5.51	10	8.33	6.36	6.44	9.34	1.87	3.17	3.77	3	2	3	3	2	1	8	9.48333333333333	8:30am-9:30am
91	7.98	8.17	6.83	10	7.39	8.4	10	8.77	7.57	5.12	4.51	3	3	3	3	2	1	8	9.68333333333333	8:30am-9:30am
92	2.45	5.04	0	8.46	0	0	1.67	0	0	0	0.27	3	2	3	3	2	1	8	8.83333333333333	8:30am-9:30am
93	2.55	3.93	1.81	6.13	0.06	8.72	1.87	0.08	0	0	0	3	2	4	3	2	2	8	9.13333333333333	8:30am-9:30am
94	7.53	1.87	1.46	8.11	1.21	1.42	7.57	8.09	1.07	1.4	1.32	2	2	3	2	0	2	8	8.7	8:30am-9:30am
95	8.29	7.39	7.88	5.82	4.2	9.94	10	10	0	0	0	4	3	3	3	4	1	8	8.78333333333333	8:30am-9:30am
96	7.28	1.36	1.4	8.46	0.51	7.88	2.51	8.54	0.78	0.95	0.53	3	3	3	3	4	1	8	9.18333333333333	8:30am-9:30am
97	10	10	9.05	9.88	9.42	9.51	9.51	9.69	9.24	3.42	4.32	4	3	3	3	4	2	8	9.45	8:30am-9:30am
98	1.15	0	0	2.16	0.72	0	3.52	0	0	0	0	4	2	3	3	2	1	8	9.53333333333333	8:30am-9:30am
99	3.42	1.56	2.06	3.46	2.96	3.05	2.86	4.24	0.31	0.31	5.41	3	3	4	2	2	1	8	9.16666666666667	8:30am-9:30am
100	10	6.89	7.57	10	8.33	10	5.39	10	0	0	8.5	2	3	3	3	0	2	8	9.45	8:30am-9:30am
101	10	5.43	5.76	8.23	5.45	5.93	10	10	3.72	3.58	10	1	1	2	3	0	1	8	9.25	8:30am-9:30am
102	7.33	2.04	2.67	7.1	3.21	7.1	3.02	2.88	2.37	1.71	2.37	4	3	3	3	4	1	8	9.2	8:30am-9:30am
103	8.93	8.27	7.12	8.15	3.17	5.97	7.12	7.1	3.17	7.08	7.9	4	2	3	3	2	1	8	18.6166666666667	6:30pm-7:30pm
104	10	0	0	10	2.82	9.22	7.96	10	0	10	10	3	3	1	3	2	2	8	18.6333333333333	6:30pm-7:30pm
105	1.32	0	0	6.56	0	6.4	5.86	6.4	0	0.25	9.59	3	3	3	3	4	2	8	18.75	6:30pm-7:30pm
106	6.09	4.42	4.57	9.03	4.77	8.02	6.36	9.51	0	0.93	8.77	2	2	2	2	0	2	8	19.0833333333333	6:30pm-7:30pm
107	8.25	10	10	10	7.84	10	10	10	10	10	10	5	2	2	3	2	2	8	19.3	6:30pm-7:30pm
108	9.34	9.09	6.98	5.97	3.74	8.13	1.85	6.21	0.76	2.3	1.63	5	3	4	4	6	1	8	18.65	6:30pm-7:30pm
109	6.5	6.63	5.8	3.95	5.58	5.97	4.71	5.41	5.39	5.43	3.97	3	2	3	3	2	2	8	19.3333333333333	6:30pm-7:30pm
110	1.07	0	0.35	7.9	2.12	2.51	6.91	8.02	0	0	8	1	2	2	3	0	2	8	19.1333333333333	6:30pm-7:30pm
111	7.38	0	0	8.7	0	8.8	6.96	7.43	0	0	0.46	3	3	3	3	2	1	8	19.1833333333333	6:30pm-7:30pm
112	7.92	7.8	7.51	2.22	2.14	1.75	7.26	2.02	7.86	1.75	8.11	3	3	2	3	2	1	8	19.65	6:30pm-7:30pm
113	4.38	4.65	4.86	4.81	4.84	5.1	4.88	4.79	4.77	4.84	4.9	4	2	3	3	2	1	8	19.9833333333333	6:30pm-7:30pm
114	7.24	2.51	3.17	6.48	0	4.81	3.62	6.6	0	2.98	0.02	3	2	4	3	4	2	8	19.05	6:30pm-7:30pm
115	0	0	0	0	0	0	0	0	4.84	0	0	5	2	4	3	6	2	8	19.1	6:30pm-7:30pm
117	0.86	0.88	0	10	2	6.03	0	0	0	0	5.58	3	1	3	3	2	2	8	19.15	6:30pm-7:30pm
118	4.84	8.31	8.85	9.69	5.1	8.74	5.1	8.19	5.1	6.5	0.97	5	1	3	4	2	2	8	18.75	6:30pm-7:30pm
119	6.47	3.15	6.22	8.78	6.81	6.67	3.38	7.28	7.07	6.85	8.31	3	2	2	3	0	1	8	19.1333333333333	6:30pm-7:30pm
120	7.14	2.57	2.59	7.59	7.51	2.59	2.8	7.26	0	0	2.1	5	4	4	4	6	2	8	18.85	6:30pm-7:30pm
121	8.33	9.07	7.1	10	7.28	10	7.06	4.84	0	8.02	7.76	3	3	3	3	4	1	8	18.6333333333333	6:30pm-7:30pm
122	7.12	1.26	0	7.37	0	1.15	0	1.83	0	0	8.4	3	1	1	2	2	1	8	19.1333333333333	6:30pm-7:30pm
123	10	2.69	0	10	0	10	10	3.04	0	10	0	2	2	2	3	0	1	8	18.9166666666667	6:30pm-7:30pm
125	0	0	0	2.22	3	2.18	2.82	6.71	2.88	2.86	2.96	5	3	4	4	4	2	8	18.5666666666667	6:30pm-7:30pm
126	6.4	0	0	0	0	2.06	0	4.73	0	0	0	1	3	1	1	0	2	8	18.6166666666667	6:30pm-7:30pm
127	10	8.66	4.77	9.07	9.2	10	9.42	3.87	0	8.52	9.71	3	3	1	3	2	1	8	18.6333333333333	6:30pm-7:30pm
128	2.08	0.82	1.65	3.42	1.63	6.13	7.43	1.75	0	0	7.67	3	2	3	3	4	2	8	18.6833333333333	6:30pm-7:30pm
129	6.15	3.42	3.87	4.2	1.03	4.44	4.4	6.28	0.64	0.86	2.1	3	2	3	2	2	1	8	18.7166666666667	6:30pm-7:30pm
130	2.3	9.01	9.05	9.38	0.41	9.16	4.16	9.05	0	0	1.21	3	4	4	3	4	2	8	18.7333333333333	6:30pm-7:30pm
131	8.77	0	1.95	5.56	5.29	2.84	3.05	10	0	1.65	10	4	2	3	2	0	1	8	18.7833333333333	6:30pm-7:30pm
132	10	7.2	2.2	10	3.27	10	1.01	0.86	0	6.69	6.81	2	2	1	3	2	1	8	18.8333333333333	6:30pm-7:30pm
133	9.44	0	0	9.53	0	2.98	5.99	7.96	0	0	5.1	1	2	1	3	0	2	8	18.85	6:30pm-7:30pm
134	7.51	7.63	7.98	8.93	2.7	9.53	6.46	8.77	0	2.08	4.42	3	3	3	3	0	1	8	18.9	6:30pm-7:30pm
135	1.11	0.19	3.4	6.5	0	6.11	2.76	0	0	0	0	3	3	3	3	4	1	8	19	6:30pm-7:30pm
136	6.83	1.65	1.79	8	2.28	9.07	1.36	1.05	0	0	3.85	3	2	2	1	0	1	8	19	6:30pm-7:30pm
137	3.19	2.24	0.97	3.68	0	4.47	0	1.36	0	0	3.11	1	2	1	2	0	2	8	19.0166666666667	6:30pm-7:30pm
138	9.94	0.14	5.78	6.95	5.41	2.9	7.94	5.68	0	4.26	4.75	3	2	2	1	0	2	8	19.1166666666667	6:30pm-7:30pm
139	0.72	1.09	1.65	3.64	0.93	3.44	1.56	6.11	1.87	2.72	6.23	3	3	3	4	6	1	8	19.1333333333333	6:30pm-7:30pm
140	10	0	0	10	0	10	5.1	10	0	0	10	1	3	1	2	0	1	8	19.15	6:30pm-7:30pm
141	0	0	0	0	0	0	0	4.05	0	0	3.93	1	3	1	2	0	2	8	19.15	6:30pm-7:30pm
142	0.97	0	0	9.07	0	0	0	0	0	0	0	3	2	3	3	0	2	8	19.15	6:30pm-7:30pm
143	3.89	0	0	1.01	0	3.56	4.09	6.01	0	0	0.91	3	4	3	4	4	1	8	19.2166666666667	6:30pm-7:30pm
144	0	0	1.77	7.12	0	3.68	0	4.2	0	6.32	3.66	4	2	5	3	4	1	8	19.25	6:30pm-7:30pm
145	8.85	8.81	9.09	9.18	0.56	10	8.64	7.55	0	8.46	7.41	3	3	3	3	4	1	8	19.2833333333333	6:30pm-7:30pm
146	2.12	0.82	0.64	2.33	0	5.66	2.72	2.06	0	0.58	0	2	2	1	2	0	2	8	19.3833333333333	6:30pm-7:30pm
147	2.9	0	0	7.1	0	0	0.29	2.86	0.06	0	0.14	3	2	3	3	4	1	8	20.9333333333333	6:30pm-7:30pm
148	10	10	10	10	0	10	10	10	0	10	10	1	2	1	2	0	1	8	21.2166666666667	6:30pm-7:30pm
149	2.7	0	0.86	7.14	0	7.51	0	5.91	0	0.86	7.41	3	2	3	2	0	2	8	23.9333333333333	6:30pm-7:30pm
150	9.67	7.45	4.05	8.07	0.16	8.5	1.56	8.46	9.09	1.63	8.62	2	2	3	2	0	2	8	18.6	6:30pm-7:30pm
151	7.14	3.02	1.63	7.12	1.01	9.75	1.11	7.55	0.68	0.39	0.95	3	3	3	3	4	2	8	18.6333333333333	6:30pm-7:30pm
152	0.82	0.68	0.58	3.93	0	2.53	0.49	0.84	0	0	0.51	3	2	3	3	6	2	8	18.6666666666667	6:30pm-7:30pm
153	2.2	0.11	0	7.57	0.85	8.57	6.61	3.44	0.53	5.08	2.8	4	4	1	2	2	1	8	18.6666666666667	6:30pm-7:30pm
154	0	9.26	0.84	10	0	8.66	7.49	5.08	0	0	8	2	2	3	3	2	2	8	18.7333333333333	6:30pm-7:30pm
155	8.85	6.79	7.72	7.51	6.42	7.26	6.4	7.53	1.75	7	8.52	3	3	3	3	2	2	8	18.7666666666667	6:30pm-7:30pm
156	2.65	0.93	1.91	10	0	8.99	2.33	1.91	0	0	1.75	1	3	1	2	0	1	8	18.8333333333333	6:30pm-7:30pm
157	5.53	2.51	1.19	4.07	2.14	3.97	2.72	3.68	0	0.68	4.42	3	1	3	3	0	2	8	18.9	6:30pm-7:30pm
158	0	10	10	10	0.66	10	6.77	9.59	0	0	9.98	2	3	2	3	0	2	8	19.0333333333333	6:30pm-7:30pm
159	2.7	0.21	0.33	3.46	0	6.56	3.19	6.6	0	0	0.95	5	4	3	4	6	1	8	19.05	6:30pm-7:30pm
160	8.62	7.94	0.82	9.57	0	0	8.7	8.85	0	0	9.09	3	4	3	3	2	1	8	19.0666666666667	6:30pm-7:30pm
161	3.02	1.01	6.01	7.57	1.54	7.9	2.7	2.49	0	2	7.59	2	2	2	2	0	1	8	19.1	6:30pm-7:30pm
162	3.79	2.86	2.65	4.44	4.34	1.34	2.65	4.03	0	1.48	5.29	2	2	3	3	2	1	8	19.1333333333333	6:30pm-7:30pm
163	5.43	0	0	0	0	0	5.04	2.61	0	0	0	3	3	3	2	4	2	8	19.15	6:30pm-7:30pm
164	5.76	0	0	6.89	0	0	0	2.33	0	0	0	2	2	3	3	0	2	8	19.2	6:30pm-7:30pm
165	2.86	0	0	9.42	0	5.93	7.14	7.61	0	0	6.46	3	2	3	3	4	2	8	19.2166666666667	6:30pm-7:30pm
166	6.42	8.05	7.86	6.11	2.7	7.06	3.37	6.52	2.2	3.33	3.56	2	3	3	3	0	1	8	19.2333333333333	6:30pm-7:30pm
167	3.73	5.45	2.93	2.49	2.22	4.76	6.88	6.93	7.6	2.43	7.99	2	4	3	3	2	1	8	19.3666666666667	6:30pm-7:30pm
168	7.11	2.71	2.02	3.73	1.47	2.62	2.26	4.52	0	0	4.57	4	3	4	3	4	1	8	19.5	6:30pm-7:30pm
169	0	0	0	0	0	0	0	0	0	0	0	3	4	5	3	4	1	8	19.9833333333333	6:30pm-7:30pm
170	0	4.94	0	2.59	0	7.01	5.11	0	0	0	0	3	2	3	2	0	1	8	20.3	6:30pm-7:30pm
171	0	0	10	10	10	10	0	10	0	0	10	3	1	4	3	2	1	8	18.5666666666667	6:30pm-7:30pm
172	6.32	3.48	4.32	8.23	1.3	5.51	4.67	5.8	0.51	4.42	0.56	4	3	3	3	4	2	8	18.6333333333333	6:30pm-7:30pm
173	10	5.78	1.93	10	6.15	10	9.4	10	0	0	10	3	3	3	3	2	1	8	18.65	6:30pm-7:30pm
174	10	0	0	10	0	0	0	0	0	0	0	3	2	3	3	4	1	8	18.6666666666667	6:30pm-7:30pm
175	7.14	2.63	1.95	9.28	0	4.28	5.68	5.99	0.86	2.37	5.86	3	2	3	3	2	1	8	18.7333333333333	6:30pm-7:30pm
176	0	7.1	2.55	8.33	0	8.46	6.3	8.21	0	0.84	5.99	2	2	3	3	2	1	8	18.8333333333333	6:30pm-7:30pm
177	2.53	0	1.34	5.72	0	4.32	0.84	4.61	0	0	0.88	4	4	3	4	6	2	8	18.9833333333333	6:30pm-7:30pm
178	3.5	7.63	0.06	7.67	0	0.39	1.71	8.35	0	1.26	0.84	4	3	4	3	4	1	10	19.25	6:30pm-7:30pm
179	9.26	8.99	8.52	10	4.18	4.18	8.31	8	0	3.17	2.78	3	3	4	3	4	2	8	19.2833333333333	6:30pm-7:30pm
180	7.06	0	0	8.72	0	4.79	1.01	1.13	0	1.6	5.02	3	4	2	3	4	1	8	19.3166666666667	6:30pm-7:30pm
181	10	0	0	10	0	0	0	5.08	4.67	0	0	3	3	4	2	2	1	8	19.4166666666667	6:30pm-7:30pm
182	0	0	0	0	0	5.1	7.41	0	0	0	0	5	4	4	3	4	2	8	19.8	6:30pm-7:30pm
183	0	0	0	10	0	0	0	0	0	0	0	4	3	4	3	6	1	8	18.6	6:30pm-7:30pm
184	1.69	0.93	0.66	2.04	1.36	1.3	1.23	2.88	1.09	0.74	1.3	3	3	2	3	0	1	8	19.3333333333333	6:30pm-7:30pm
185	0.86	0	0	3.09	0	0.58	2.76	5.82	0	4.18	6.36	3	3	3	3	4	2	8	17.3	6:30pm-7:30pm
186	2.35	0.06	0	6.81	0	5.53	6.03	7.43	0	2.9	0	3	2	3	2	2	1	8	18.6333333333333	6:30pm-7:30pm
187	1.38	0	0	7.67	0	6.19	0	0	0	0	5.53	4	4	3	2	4	2	8	19.0666666666667	6:30pm-7:30pm
188	7.06	0	0	8.89	0	3.64	3.74	6.09	0	0	8.72	3	2	3	1	2	2	8	19.1166666666667	6:30pm-7:30pm
189	10	10	10	10	10	10	10	10	10	10	10	4	3	3	3	4	1	8	19.2	6:30pm-7:30pm
190	7.72	2.49	2.98	8.05	0.47	1.46	5.82	3.64	2.7	3.25	6.87	3	2	3	3	2	1	8	18.8833333333333	6:30pm-7:30pm
191	6.83	2.2	7.74	8.56	2.8	2.1	7.78	8.64	0.74	1.13	1.4	3	2	3	3	4	1	8	18.9333333333333	6:30pm-7:30pm
192	7.26	7.88	6.01	7.57	2.33	5.72	7.04	6.56	1.48	2.24	7.26	3	2	3	3	4	2	8	19.0333333333333	6:30pm-7:30pm
195	2.24	0	0	5.51	0	2.26	4.63	5.45	1.98	0	0	3	2	3	3	2	1	8	18.5833333333333	6:30pm-7:30pm
197	9.28	0.62	0	6.23	0	1.48	5.91	9.2	0	7.94	9.03	2	2	3	3	2	2	8	18.7666666666667	6:30pm-7:30pm
199	8.33	0	0	6.6	5.08	2.47	7.55	10	0	0	3.93	3	2	3	2	2	1	8	19.1166666666667	6:30pm-7:30pm
200	5.72	0	1.13	3.11	0	7.65	9.2	3.05	0	3.19	2.02	3	3	3	3	4	1	8	19.4333333333333	6:30pm-7:30pm
201	8.84	7.05	4.11	10	3.74	10	8.24	10	2.93	7.4	7.67	1	2	1	2	0	1	8	18.6	6:30pm-7:30pm
202	6.98	9.09	8.11	8.7	1.63	2.61	8.29	6.69	1.75	8.91	8.27	3	3	1	2	0	1	8	19.2	6:30pm-7:30pm
204	7.14	1.38	9.07	9.18	3.02	6.95	1.75	7.24	1.77	0	1.15	3	2	3	3	2	2	8	19.05	6:30pm-7:30pm
205	3.15	3.93	3.33	6.93	3.13	5.76	3.48	6.17	0	0	0.66	1	2	4	3	0	2	8	18.6833333333333	6:30pm-7:30pm
207	7.61	5.49	6.34	9.53	4.05	6.21	3.54	6.09	0.84	2.41	2.8	3	3	3	3	0	2	8	18.7333333333333	6:30pm-7:30pm
208	3.12	8.12	7.94	7.55	7.03	6.85	6.48	6.36	4.15	3.7	4.31	3	2	3	3	4	1	8	18.3666666666667	6:30pm-7:30pm
209	7.37	2.8	1.77	8.27	6.69	8.85	8.02	2.9	1.13	0.56	2.14	3	3	3	3	4	2	8	18.15	6:30pm-7:30pm
210	0	0	0	10	0	0	10	0	0	0	10	3	2	4	3	4	1	8	18.8166666666667	6:30pm-7:30pm
211	2.98	10	0	10	0	7.08	2.72	2.47	0	5.93	3.93	3	3	3	3	2	1	8	18.6833333333333	6:30pm-7:30pm
212	2.61	7.78	8.5	8.5	0	2.2	7.8	2.14	0.21	0.37	3.74	3	3	3	3	2	1	8	19.2333333333333	6:30pm-7:30pm
